154,22
154,23
154,35
154,34
154,33
154,32
154,8
154,31
154,9
154,10
154,30
154,29
154,28
154,5
154,27
0,497
0,485
0,475
0,474
0,464
0,463
0,462
0,458
0,457
0,456
0,454
0,451
0,449
0,448
0,447
0,443
0,442
0,441
0,440
0,439
0,435
1,9
64,11
64,1
0,433
64,3
0,430
64,0
0,425
0,424
304,1
0,423
304,3
0,422
304,0
2,9
303,1
303,3
0,481
0,480
0,420
303,0
0,419
1,7
2,71
520,65
520,1
0,412
520,3
0,411
0,410
0,409
0,407
0,403
0,402
0,379
0,374
0,372
0,365
0,359
0,355
0,352
0,347
0,345
0,343
0,341
0,340
0,335
0,332
0,331
0,328
0,326
0,380
0,325
0,376
0,322
520,0
0,358
0,243
2,89
1,1
1,5
1,3
1,0
2,115
63,7
63,1
63,3
0,445
0,378
2,1
63,0
2,13
2,3
2,0
0,357
0,9
0,329
0,491
0,400
0,310
0,305
0,364
0,361
0,356
0,486
0,459
0,455
0,450
0,446
0,437
0,453
0,315
0,314
0,466
0,460
0,461
0,334
0,308
0,304
0,303
0,302
0,307
0,444
0,12
0,373
0,10
0,484
0,8
0,0
0,391
0,300
0,317
0,299
0,482
0,298
0,313
0,297
0,311
0,296
0,316
0,295
0,350
0,294
0,500
0,293
0,292
0,504
0,291
0,370
0,290
0,337
0,289
0,342
0,288
0,503
0,287
0,319
0,286
0,375
0,285
0,392
0,284
0,479
0,283
0,366
0,282
0,369
0,281
0,408
0,280
0,428
0,279
0,501
0,505
1,2
1,4
1,8
2,2
2,5
2,7
2,8
2,11
2,12
2,15
2,17
2,18
2,20
2,21
2,23
2,24
2,26
2,28
2,29
2,31
2,32
2,34
2,64
2,65
2,67
2,68
2,70
2,72
2,74
2,76
2,77
2,79
2,80
2,82
2,84
2,85
2,87
2,88
2,91
2,92
2,94
2,96
2,97
2,99
2,100
2,102
2,104
2,105
2,107
2,108
2,110
2,112
2,113
2,116
2,117
2,119
2,120
2,122
2,124
2,125
2,129
2,130
2,132
2,134
2,135
3,1
3,2
3,4
3,5
4,0
4,2
4,3
24,1
24,2
24,4
24,6
24,7
24,9
25,0
25,2
25,3
25,5
25,7
25,8
25,10
25,11
25,13
25,15
25,16
25,18
25,19
25,21
25,23
26,0
26,2
26,3
26,5
26,6
26,8
26,10
26,11
26,13
26,14
26,16
26,18
26,19
26,21
26,22
26,24
27,0
27,2
27,4
27,5
27,7
27,8
27,10
27,12
27,13
27,15
27,16
27,18
27,19
27,21
27,23
27,24
28,0
28,1
28,3
28,5
28,6
28,8
29,0
29,2
29,3
30,0
30,2
30,3
30,5
30,6
31,1
31,3
31,4
32,1
32,2
32,4
32,6
32,7
33,0
33,1
33,3
33,4
33,6
34,0
34,1
34,3
34,4
35,1
35,3
35,4
36,0
36,1
36,3
36,4
36,6
37,1
37,2
37,4
37,5
37,7
38,1
38,2
38,4
38,5
38,7
38,8
39,0
39,2
39,3
39,5
40,0
40,2
40,4
41,0
41,2
41,3
42,0
42,2
42,3
42,5
43,0
43,2
43,3
43,5
44,1
44,2
44,4
44,5
45,1
45,3
45,4
45,6
45,7
45,9
45,10
45,12
45,14
45,15
46,1
46,2
46,4
47,1
47,2
47,4
47,5
47,7
47,8
48,1
48,3
49,0
49,2
49,3
50,0
50,2
50,3
50,5
50,6
51,1
51,2
51,4
51,6
51,7
52,1
52,2
52,4
52,6
53,0
53,2
53,3
53,5
53,7
54,0
54,2
54,3
54,5
55,0
55,2
55,4
55,5
56,1
56,2
56,4
56,6
57,0
57,2
57,3
57,5
57,6
58,0
58,2
58,3
58,5
58,6
59,1
59,3
59,4
59,6
60,0
60,2
60,3
60,5
61,0
61,1
61,3
61,4
62,1
62,3
62,4
63,4
63,5
63,8
64,4
64,5
64,7
64,8
64,10
64,12
64,14
64,16
64,17
65,0
65,1
65,3
65,5
66,0
66,2
66,3
66,5
66,6
67,1
67,3
67,4
68,1
68,2
68,4
69,0
69,1
69,3
69,4
69,6
69,7
69,9
70,1
70,2
70,4
70,5
71,0
71,2
71,3
71,5
71,6
72,1
72,3
72,4
72,6
73,0
73,2
73,3
73,5
73,7
74,0
74,2
74,3
74,5
74,7
75,0
75,2
75,3
75,5
75,6
76,0
76,2
76,3
76,5
76,6
76,8
76,10
77,0
77,2
77,3
77,5
78,0
78,2
78,4
78,5
79,0
79,1
79,3
80,1
80,2
80,4
80,5
80,7
80,8
80,10
80,12
80,13
81,1
81,2
81,4
81,6
82,0
82,2
82,3
82,5
83,0
83,1
83,3
83,4
83,6
84,0
84,2
84,4
84,5
85,0
85,1
85,3
85,5
85,6
85,8
85,9
86,0
86,1
86,3
86,5
86,6
86,8
86,9
86,11
86,13
86,14
86,16
86,17
86,19
86,20
86,22
86,24
86,25
86,27
86,28
86,30
86,32
86,33
86,35
86,36
86,38
86,40
87,0
87,2
87,3
87,5
87,6
88,1
88,3
88,4
89,0
89,1
89,3
90,1
90,2
91,0
91,1
91,3
91,4
92,1
92,3
92,4
92,6
92,7
93,1
93,3
93,4
93,6
93,7
94,1
94,2
94,4
94,6
95,0
95,2
95,3
95,5
96,1
96,2
96,4
96,5
97,0
97,1
97,3
97,5
97,6
98,1
98,2
98,4
99,1
99,2
99,4
100,0
100,2
100,4
101,0
101,2
101,3
101,5
101,6
102,0
102,2
102,3
102,5
102,6
103,1
103,3
103,4
104,1
104,2
104,4
105,0
105,2
105,4
106,0
106,2
106,3
107,0
107,2
107,3
108,1
108,2
108,4
108,5
109,1
109,3
109,4
110,1
110,2
110,4
111,1
111,2
111,4
112,0
112,2
113,0
113,1
113,3
114,0
114,2
114,3
115,0
115,2
115,3
116,0
116,1
116,3
116,5
116,6
117,1
117,2
117,4
118,0
118,2
118,4
119,0
119,2
119,3
120,0
120,2
120,3
120,5
121,0
121,2
121,3
121,5
121,7
122,0
122,2
122,3
122,5
123,0
123,1
123,3
123,4
124,0
124,1
124,3
124,5
124,6
124,8
124,9
124,11
125,0
125,1
125,3
125,4
125,6
125,8
125,9
126,1
126,2
126,4
126,5
126,7
126,9
127,0
127,2
127,3
127,5
127,7
127,8
128,0
128,1
128,3
128,4
128,6
128,8
128,9
128,11
129,0
129,2
129,4
129,5
129,7
129,8
129,10
129,11
130,0
130,2
130,3
131,0
131,1
131,3
131,5
131,6
132,0
132,1
132,3
133,1
133,2
133,4
133,5
134,1
134,2
134,4
134,6
134,7
135,1
135,2
135,4
136,1
136,2
136,4
136,5
136,7
137,0
137,2
137,4
137,5
138,1
138,2
138,4
139,0
139,1
139,3
139,4
139,6
140,0
140,2
140,4
140,5
141,1
141,2
141,4
142,1
142,2
142,4
142,5
143,0
143,2
143,3
143,5
144,0
144,2
144,3
145,0
145,2
145,3
145,5
146,0
146,2
146,4
146,5
147,1
147,2
148,0
148,1
148,3
148,5
149,0
149,2
149,3
149,5
150,1
150,2
150,4
150,5
151,0
151,1
151,3
151,5
152,0
152,2
152,3
153,0
153,2
153,3
154,1
154,2
154,4
154,7
154,12
154,13
154,15
154,17
154,18
154,20
154,21
154,25
154,26
155,1
155,2
155,4
155,5
156,1
156,3
156,4
156,6
157,0
157,2
158,0
158,1
158,3
158,4
159,0
159,1
159,3
160,1
160,2
160,4
161,0
161,2
161,4
162,0
162,2
162,3
162,5
162,6
163,0
163,2
163,3
163,5
163,6
164,1
164,3
164,4
165,0
165,1
165,3
166,0
166,1
166,3
166,4
166,6
166,7
166,9
166,11
166,12
166,14
166,15
167,0
167,2
167,3
167,5
167,6
168,0
168,1
168,3
168,5
169,0
169,2
169,3
169,5
169,7
169,8
170,0
170,1
170,3
170,4
171,0
171,2
171,3
172,0
172,1
172,3
172,5
172,6
173,0
173,1
173,3
174,0
174,2
175,0
175,1
175,3
175,4
175,6
176,0
176,1
176,3
176,4
177,0
177,2
177,3
177,5
177,6
178,1
178,2
178,4
179,0
179,1
179,3
179,4
180,0
180,2
180,3
180,5
180,6
181,0
181,1
181,3
181,5
182,0
182,2
182,3
182,5
183,1
183,2
183,4
183,5
183,7
184,0
184,2
184,4
184,5
185,0
185,1
185,3
186,0
186,1
186,3
186,4
186,6
187,1
187,2
187,4
187,5
188,0
188,1
188,3
189,0
189,1
189,3
189,4
189,6
190,0
190,1
190,3
190,4
190,6
191,0
191,2
191,4
191,5
191,7
192,0
192,2
192,4
193,0
193,2
193,3
193,5
194,0
194,2
194,4
195,0
195,2
195,3
195,5
196,0
196,1
196,3
196,4
196,6
197,0
197,2
197,4
197,5
198,0
198,1
198,3
199,0
199,1
199,3
199,4
199,6
200,1
200,2
200,4
201,0
201,2
201,3
201,5
202,0
202,1
202,3
202,4
202,6
203,1
203,2
203,4
204,0
204,2
204,3
204,5
205,1
205,2
205,4
206,0
206,2
206,4
206,5
206,7
207,0
207,2
207,3
207,5
208,1
208,2
208,4
208,5
208,7
209,1
209,2
209,4
209,5
209,7
210,0
210,1
210,3
210,4
210,6
210,7
211,1
211,3
211,4
212,0
212,1
212,3
212,5
212,6
213,1
213,2
213,4
213,5
214,0
214,2
214,3
214,5
214,6
215,1
215,3
215,4
216,0
216,1
216,3
216,4
217,0
217,2
217,3
217,5
218,0
218,2
218,4
218,5
219,1
219,2
219,4
219,6
219,7
220,1
220,2
220,4
220,5
221,1
221,3
221,4
221,6
222,0
222,2
222,4
222,5
222,7
222,8
223,1
223,2
223,4
224,0
224,1
224,3
225,0
225,2
225,4
225,5
226,1
226,2
226,4
226,5
227,0
227,2
227,3
227,5
227,6
228,1
228,3
228,4
229,0
229,1
229,3
229,4
230,0
230,2
230,3
230,5
230,6
231,1
231,3
231,4
232,0
232,1
232,3
232,5
233,0
233,2
233,3
233,5
233,6
234,1
234,3
234,4
235,0
235,1
235,3
235,5
235,6
236,1
236,2
236,4
236,5
237,1
237,3
237,4
237,6
238,0
238,2
238,4
238,5
239,1
239,2
239,4
239,5
240,0
240,2
240,3
240,5
241,0
241,2
241,4
241,5
242,1
242,2
242,4
242,6
242,7
242,9
243,0
243,2
243,3
244,0
244,2
244,3
244,5
245,0
245,2
245,4
245,5
246,1
246,2
246,4
246,5
247,1
247,3
247,4
248,1
248,2
248,4
248,6
248,7
249,0
249,1
249,3
249,4
250,1
250,3
250,4
251,1
251,2
251,4
251,6
251,7
252,1
252,2
252,4
253,0
253,2
253,4
253,5
254,0
254,1
254,3
254,5
254,6
255,1
255,2
255,4
255,6
256,0
256,2
256,3
256,5
256,6
257,0
257,2
257,3
257,5
257,6
258,1
258,3
258,4
258,6
258,7
259,1
259,2
260,0
260,2
260,3
261,0
261,1
261,3
262,0
262,1
262,3
262,4
263,1
263,2
263,4
264,0
264,1
264,3
264,4
265,0
265,2
265,3
266,0
266,1
266,3
267,0
267,1
267,3
267,4
268,0
268,1
268,3
268,5
268,6
269,1
269,2
270,0
270,2
270,3
270,5
271,0
271,2
271,3
272,0
272,2
272,3
273,0
273,1
273,3
274,0
274,1
274,3
274,4
274,6
275,0
275,2
275,4
276,0
276,2
276,3
277,0
277,2
277,3
278,0
278,1
278,3
278,4
279,1
279,3
279,4
280,1
280,2
280,4
281,1
281,2
281,4
282,0
282,2
282,4
283,0
283,2
283,3
284,0
284,1
284,3
285,0
285,1
285,3
285,4
286,1
286,3
286,4
287,1
287,2
287,4
288,0
288,2
288,4
288,5
289,1
289,2
289,4
290,1
290,2
290,4
290,5
291,1
291,2
291,4
292,1
292,2
292,4
293,0
293,2
293,4
294,0
294,2
294,3
295,0
295,2
295,3
295,5
296,0
296,2
296,3
296,5
296,7
296,8
297,1
297,2
297,4
297,6
297,7
298,1
298,2
298,4
298,5
298,7
299,1
299,2
299,4
299,5
300,1
300,3
300,4
300,6
301,0
301,2
301,3
301,5
302,0
302,1
302,3
303,2
303,5
303,7
303,8
304,4
304,5
304,7
305,1
305,2
305,4
306,0
306,2
306,3
307,0
307,2
307,3
308,0
308,1
308,3
308,5
308,6
309,0
309,1
309,3
309,4
309,6
310,0
310,1
310,3
310,4
310,6
310,8
311,0
311,2
311,3
312,0
312,1
312,3
313,0
313,1
313,3
313,4
313,6
314,1
314,2
314,4
315,0
315,2
315,3
315,5
316,1
316,2
316,4
316,5
317,1
317,3
317,4
318,0
318,1
318,3
319,0
319,1
319,3
319,4
320,1
320,2
320,4
321,0
321,1
321,3
321,4
321,6
322,1
322,2
322,4
322,5
323,1
323,2
323,4
323,6
324,0
324,2
324,3
324,5
325,0
325,1
325,3
325,4
326,0
326,1
326,3
327,0
327,1
327,3
327,4
328,1
328,3
328,4
328,6
328,7
329,1
329,3
329,4
329,6
329,7
329,9
330,0
330,2
330,4
330,5
331,0
331,1
331,3
331,5
331,6
332,1
332,2
332,4
332,5
333,0
333,2
333,3
333,5
333,6
334,0
334,2
334,3
335,0
335,1
335,3
335,4
335,6
336,0
336,1
336,3
336,4
336,6
337,1
337,2
337,4
338,0
338,2
338,3
338,5
339,0
339,1
339,3
339,4
340,1
340,3
340,4
341,1
341,2
341,4
342,0
342,1
342,3
343,0
343,2
343,3
344,0
344,2
344,3
344,5
344,6
344,8
345,1
345,2
345,4
345,5
346,1
346,2
346,4
347,1
347,2
347,4
348,0
348,2
348,4
349,0
349,2
349,3
350,0
350,1
350,3
350,5
351,0
351,2
351,3
351,5
351,7
352,0
352,2
352,3
352,5
353,1
353,2
353,4
353,5
354,1
354,2
354,4
354,6
355,0
355,2
355,3
355,5
356,0
356,1
356,3
356,4
357,1
357,2
357,4
358,1
358,2
358,4
358,5
359,0
359,2
359,3
360,0
360,1
360,3
360,4
360,6
361,0
361,1
361,3
361,4
362,1
362,3
362,4
363,0
363,1
363,3
363,4
364,0
364,2
364,3
364,5
365,0
365,2
365,4
366,0
366,2
366,3
367,0
367,2
367,3
367,5
368,0
368,2
368,3
368,5
369,0
369,1
369,3
369,4
370,0
370,2
370,3
371,0
371,1
371,3
371,4
371,6
372,1
372,2
372,4
372,5
372,7
373,0
373,1
373,3
373,4
374,0
374,1
374,3
375,0
375,1
375,3
375,4
376,1
376,3
376,4
377,0
377,1
377,3
378,0
378,1
378,3
378,4
379,1
379,2
379,4
380,1
380,2
380,4
380,5
381,1
381,3
381,4
381,6
382,0
382,2
382,3
382,5
383,1
383,2
383,4
383,5
384,0
384,2
384,3
384,5
385,0
385,2
385,3
385,5
386,0
386,1
386,3
386,4
387,0
387,2
387,3
387,5
388,0
388,2
388,4
389,0
389,2
389,3
389,5
389,6
390,1
390,3
390,4
391,1
391,2
392,0
392,2
392,3
392,5
392,6
393,1
393,2
393,4
394,0
394,1
394,3
394,4
395,1
395,3
395,4
396,1
396,2
396,4
396,5
397,1
397,3
397,4
398,0
398,1
398,3
399,0
399,1
399,3
399,4
400,1
400,2
400,4
401,0
401,1
401,3
402,0
402,2
402,4
403,0
403,2
403,3
403,5
404,0
404,1
404,3
404,4
404,6
405,0
405,2
405,4
405,5
406,1
406,2
406,4
406,6
407,0
407,2
407,3
407,5
408,0
408,2
408,4
408,5
408,7
408,8
409,1
409,3
409,4
410,1
410,2
410,4
411,0
411,2
411,4
411,5
412,0
412,1
412,3
412,5
412,6
413,1
413,2
413,4
413,6
414,0
414,2
414,3
415,0
415,1
415,3
415,5
416,0
416,2
416,3
417,0
417,2
417,3
418,0
418,1
418,3
418,4
418,6
419,1
419,2
419,4
419,5
420,1
420,3
420,4
421,1
421,2
421,4
421,5
422,1
422,3
422,4
422,6
423,0
423,2
423,4
423,5
424,1
424,2
424,4
424,5
425,0
425,2
425,3
425,5
426,0
426,2
426,4
426,5
427,0
427,1
427,3
427,5
427,6
427,8
428,0
428,2
428,3
429,0
429,2
429,3
429,5
429,6
430,1
430,3
430,4
431,0
431,1
431,3
431,4
432,1
432,3
432,4
433,1
433,2
433,4
433,6
433,7
434,1
434,2
435,0
435,1
435,3
436,0
436,1
436,3
436,4
437,1
437,3
437,4
437,6
438,0
438,2
438,4
439,0
439,2
439,3
440,0
440,1
440,3
441,0
441,1
441,3
441,4
441,6
442,0
442,1
442,3
442,4
443,1
443,2
443,4
444,0
444,1
444,3
444,4
445,1
445,3
445,4
447,0
447,1
447,3
447,4
447,6
447,8
447,9
448,1
448,2
449,0
449,2
449,3
450,1
450,2
451,0
451,1
451,3
452,1
452,2
453,0
453,1
453,3
454,1
454,2
455,0
455,1
455,3
456,1
456,2
457,0
457,1
457,3
458,0
458,2
459,0
459,1
459,3
459,4
459,6
460,1
460,2
460,4
461,0
461,2
461,3
461,5
461,7
461,8
461,10
461,11
462,1
462,3
462,4
462,6
463,0
463,2
463,3
463,5
464,0
464,1
464,3
464,4
465,1
465,3
465,4
466,0
466,1
466,3
466,5
466,6
467,1
467,2
467,4
467,5
468,1
468,3
468,4
469,0
469,1
469,3
470,0
470,1
470,3
470,4
471,0
471,1
471,3
472,1
472,2
472,4
472,5
472,7
473,1
473,2
474,0
474,1
474,3
475,0
475,2
475,4
475,5
476,0
476,1
476,3
476,5
476,6
477,1
477,2
477,4
478,1
478,2
478,4
478,5
478,7
479,0
479,2
480,0
480,1
480,3
480,4
481,1
481,3
481,4
481,6
482,0
482,2
482,3
482,5
483,0
483,1
483,3
483,4
483,6
484,1
484,2
484,4
485,0
485,2
485,3
485,5
486,1
486,2
486,4
486,5
487,1
487,3
487,4
488,0
488,1
488,3
488,4
488,6
489,1
489,2
489,4
490,0
490,2
490,4
490,5
491,1
491,2
491,4
491,6
491,7
492,1
492,2
492,4
492,5
493,1
493,3
493,4
494,0
494,1
494,3
495,1
495,2
495,4
495,5
496,1
496,2
496,4
497,1
497,2
497,4
497,5
498,1
498,3
498,4
499,0
499,1
499,3
499,4
500,0
500,2
500,3
500,5
501,0
501,2
501,4
501,5
502,1
502,2
502,4
503,1
503,2
503,4
503,5
504,1
504,2
504,4
505,0
505,1
505,3
505,4
506,0
506,2
506,3
507,0
507,1
507,3
508,0
508,2
508,4
508,5
508,7
509,0
509,2
509,4
510,0
510,2
510,3
511,0
511,1
511,3
512,0
512,1
512,3
512,4
513,1
513,3
513,4
514,0
514,1
514,3
514,4
515,1
515,3
515,4
516,1
516,2
516,4
517,1
517,2
517,4
518,0
518,2
518,4
519,0
519,2
519,3
520,2
520,4
520,6
520,8
520,9
520,11
520,12
520,14
520,16
520,17
520,19
520,20
520,22
520,23
520,25
520,27
520,28
520,30
520,31
520,33
520,35
520,36
520,38
520,39
520,41
520,42
520,44
520,46
520,47
520,49
520,50
520,52
520,54
520,55
520,57
520,58
520,60
520,62
520,63
521,0
521,1
521,3
521,4
522,1
522,3
522,4
523,1
523,2
524,0
524,2
524,3
524,1
523,3
523,0
522,2
522,0
521,2
520,64
520,61
520,59
520,56
520,53
520,51
520,48
520,45
520,43
520,40
520,37
520,34
520,32
520,29
520,26
520,24
520,21
520,18
520,15
520,13
520,10
520,7
520,5
519,4
519,1
518,3
518,1
517,3
517,0
516,3
516,0
515,2
515,0
514,2
513,5
513,2
513,0
512,2
511,4
511,2
510,4
510,1
509,3
509,1
508,6
508,3
508,1
507,2
506,4
506,1
505,5
505,2
504,5
504,3
504,0
503,3
503,0
502,3
502,0
501,3
501,1
500,4
500,1
499,5
499,2
498,5
498,2
498,0
497,3
497,0
496,3
496,0
495,3
495,0
494,2
493,5
493,2
493,0
492,3
492,0
491,5
491,3
491,0
490,3
490,1
489,3
489,0
488,5
488,2
487,5
487,2
487,0
486,3
486,0
485,4
485,1
484,3
484,0
483,5
483,2
482,6
482,4
482,1
481,5
481,2
481,0
480,2
479,3
479,1
478,6
478,3
478,0
477,3
477,0
476,4
476,2
475,6
475,3
475,1
474,2
473,3
473,0
472,6
472,3
472,0
471,2
470,5
470,2
469,4
469,2
468,5
468,2
468,0
467,3
467,0
466,4
466,2
465,5
465,2
465,0
464,2
463,6
463,4
463,1
462,5
462,2
462,0
461,9
461,6
461,4
461,1
460,3
460,0
459,5
459,2
458,3
458,1
457,2
456,3
456,0
455,2
454,3
454,0
453,2
452,3
452,0
451,2
450,3
450,0
449,1
448,3
448,0
447,7
447,5
447,2
445,5
445,2
445,0
444,2
443,5
443,3
443,0
442,2
441,7
441,5
441,2
440,4
440,2
439,4
439,1
438,3
438,1
437,5
437,2
437,0
436,2
435,4
435,2
434,3
434,0
433,5
433,3
433,0
432,2
432,0
431,2
430,5
430,2
430,0
429,4
429,1
428,4
428,1
427,7
427,4
427,2
426,6
426,3
426,1
425,4
425,1
424,6
424,3
424,0
423,3
423,1
422,5
422,2
422,0
421,3
421,0
420,2
420,0
419,3
419,0
418,5
418,2
417,4
417,1
416,4
416,1
415,4
415,2
414,4
414,1
413,5
413,3
413,0
412,4
412,2
411,6
411,3
411,1
410,3
410,0
409,2
409,0
408,6
408,3
408,1
407,4
407,1
406,5
406,3
406,0
405,3
405,1
404,5
404,2
403,6
403,4
403,1
402,3
402,1
401,2
400,5
400,3
400,0
399,2
398,4
398,2
397,5
397,2
397,0
396,3
396,0
395,2
395,0
394,2
393,5
393,3
393,0
392,4
392,1
391,3
391,0
390,2
390,0
389,4
389,1
388,3
388,1
387,4
387,1
386,5
386,2
385,6
385,4
385,1
384,4
384,1
383,6
383,3
383,0
382,4
382,1
381,5
381,2
381,0
380,3
380,0
379,3
379,0
378,2
377,4
377,2
376,5
376,2
376,0
375,2
374,4
374,2
373,5
373,2
372,8
372,6
372,3
372,0
371,5
371,2
370,4
370,1
369,5
369,2
368,6
368,4
368,1
367,4
367,1
366,4
366,1
365,3
365,1
364,4
364,1
363,5
363,2
362,5
362,2
362,0
361,2
360,7
360,5
360,2
359,4
359,1
358,6
358,3
358,0
357,3
357,0
356,2
355,6
355,4
355,1
354,5
354,3
354,0
353,3
353,0
352,4
352,1
351,6
351,4
351,1
350,4
350,2
349,4
349,1
348,3
348,1
347,3
347,0
346,3
346,0
345,3
345,0
344,7
344,4
344,1
343,4
343,1
342,2
341,5
341,3
341,0
340,2
340,0
339,2
338,6
338,4
338,1
337,3
337,0
336,5
336,2
335,7
335,5
335,2
334,4
334,1
333,7
333,4
333,1
332,6
332,3
332,0
331,4
331,2
330,6
330,3
330,1
329,8
329,5
329,2
329,0
328,5
328,2
328,0
327,2
326,4
326,2
325,5
325,2
324,6
324,4
324,1
323,5
323,3
323,0
322,3
322,0
321,5
321,2
320,5
320,3
320,0
319,2
318,4
318,2
317,5
317,2
317,0
316,3
316,0
315,4
315,1
314,3
314,0
313,5
313,2
312,4
312,2
311,4
311,1
310,7
310,5
310,2
309,7
309,5
309,2
308,7
308,4
308,2
307,4
307,1
306,4
306,1
305,3
305,0
304,6
304,2
303,6
303,4
302,2
301,6
301,4
301,1
300,5
300,2
300,0
299,3
299,0
298,6
298,3
298,0
297,5
297,3
297,0
296,6
296,4
296,1
295,4
295,1
294,4
294,1
293,3
293,1
292,3
292,0
291,3
291,0
290,3
290,0
289,3
289,0
288,3
288,1
287,3
287,0
286,2
286,0
285,2
284,4
284,2
283,4
283,1
282,3
282,1
281,3
281,0
280,3
280,0
279,2
279,0
278,2
277,4
277,1
276,4
276,1
275,3
275,1
274,5
274,2
273,4
273,2
272,4
272,1
271,4
271,1
270,4
270,1
269,3
269,0
268,4
268,2
267,5
267,2
266,4
266,2
265,4
265,1
264,5
264,2
263,5
263,3
263,0
262,2
261,4
261,2
260,4
260,1
259,3
259,0
258,5
258,2
258,0
257,4
257,1
256,7
256,4
256,1
255,5
255,3
255,0
254,4
254,2
253,6
253,3
253,1
252,3
252,0
251,5
251,3
251,0
250,2
250,0
249,2
248,8
248,5
248,3
248,0
247,2
247,0
246,3
246,0
245,3
245,1
244,4
244,1
243,4
243,1
242,8
242,5
242,3
242,0
241,3
241,1
240,4
240,1
239,6
239,3
239,0
238,3
238,1
237,5
237,2
237,0
236,3
236,0
235,4
235,2
234,5
234,2
234,0
233,4
233,1
232,4
232,2
231,5
231,2
231,0
230,4
230,1
229,5
229,2
228,5
228,2
228,0
227,4
227,1
226,6
226,3
226,0
225,3
225,1
224,2
223,5
223,3
223,0
222,6
222,3
222,1
221,5
221,2
221,0
220,3
220,0
219,5
219,3
219,0
218,3
218,1
217,4
217,1
216,5
216,2
215,5
215,2
215,0
214,4
214,1
213,6
213,3
213,0
212,4
212,2
211,5
211,2
211,0
210,5
210,2
209,8
209,6
209,3
209,0
208,6
208,3
208,0
207,4
207,1
206,6
206,3
206,1
205,3
205,0
204,4
204,1
203,3
203,0
202,5
202,2
201,6
201,4
201,1
200,3
200,0
199,5
199,2
198,4
198,2
197,6
197,3
197,1
196,5
196,2
195,6
195,4
195,1
194,3
194,1
193,4
193,1
192,3
192,1
191,6
191,3
191,1
190,5
190,2
189,7
189,5
189,2
188,4
188,2
187,6
187,3
187,0
186,5
186,2
185,4
185,2
184,6
184,3
184,1
183,6
183,3
183,0
182,4
182,1
181,4
181,2
180,7
180,4
180,1
179,5
179,2
178,5
178,3
178,0
177,4
177,1
176,5
176,2
175,7
175,5
175,2
174,3
174,1
173,2
172,7
172,4
172,2
171,4
171,1
170,5
170,2
169,9
169,6
169,4
169,1
168,4
168,2
167,7
167,4
167,1
166,16
166,13
166,10
166,8
166,5
166,2
165,4
165,2
164,5
164,2
164,0
163,4
163,1
162,7
162,4
162,1
161,3
161,1
160,3
160,0
159,2
158,5
158,2
157,3
157,1
156,5
156,2
156,0
155,3
155,0
154,24
154,19
154,16
154,14
154,11
154,6
154,3
154,0
153,1
152,4
152,1
151,4
151,2
150,6
150,3
150,0
149,4
149,1
148,4
148,2
147,3
147,0
146,3
146,1
145,4
145,1
144,4
144,1
143,4
143,1
142,6
142,3
142,0
141,3
141,0
140,3
140,1
139,5
139,2
138,5
138,3
138,0
137,3
137,1
136,6
136,3
136,0
135,3
135,0
134,5
134,3
134,0
133,3
133,0
132,2
131,7
131,4
131,2
130,4
130,1
129,12
129,9
129,6
129,3
129,1
128,10
128,7
128,5
128,2
127,9
127,6
127,4
127,1
126,8
126,6
126,3
126,0
125,7
125,5
125,2
124,12
124,10
124,7
124,4
124,2
123,5
123,2
122,6
122,4
122,1
121,6
121,4
121,1
120,4
120,1
119,4
119,1
118,3
118,1
117,3
117,0
116,4
116,2
115,4
115,1
114,4
114,1
113,2
112,3
112,1
111,3
111,0
110,3
110,0
109,2
109,0
108,3
108,0
107,1
106,4
106,1
105,3
105,1
104,3
104,0
103,2
103,0
102,4
102,1
101,7
101,4
101,1
100,3
100,1
99,3
99,0
98,3
98,0
97,4
97,2
96,6
96,3
96,0
95,4
95,1
94,5
94,3
94,0
93,5
93,2
93,0
92,5
92,2
92,0
91,2
90,3
90,0
89,2
88,5
88,2
88,0
87,4
87,1
86,39
86,37
86,34
86,31
86,29
86,26
86,23
86,21
86,18
86,15
86,12
86,10
86,7
86,4
86,2
85,10
85,7
85,4
85,2
84,6
84,3
84,1
83,5
83,2
82,6
82,4
82,1
81,5
81,3
81,0
80,11
80,9
80,6
80,3
80,0
79,2
78,6
78,3
78,1
77,4
77,1
76,9
76,7
76,4
76,1
75,7
75,4
75,1
74,6
74,4
74,1
73,6
73,4
73,1
72,5
72,2
72,0
71,4
71,1
70,6
70,3
70,0
69,8
69,5
69,2
68,5
68,3
68,0
67,2
67,0
66,4
66,1
65,4
65,2
64,18
64,15
64,13
64,9
64,6
64,2
63,6
63,2
62,2
62,0
61,2
60,6
60,4
60,1
59,5
59,2
59,0
58,4
58,1
57,7
57,4
57,1
56,5
56,3
56,0
55,3
55,1
54,4
54,1
53,6
53,4
53,1
52,5
52,3
52,0
51,5
51,3
51,0
50,4
50,1
49,4
49,1
48,2
48,0
47,6
47,3
47,0
46,3
46,0
45,13
45,11
45,8
45,5
45,2
45,0
44,3
44,0
43,4
43,1
42,4
42,1
41,4
41,1
40,3
40,1
39,4
39,1
38,9
38,6
38,3
38,0
37,6
37,3
37,0
36,5
36,2
35,5
35,2
35,0
34,2
33,7
33,5
33,2
32,8
32,5
32,3
32,0
31,2
31,0
30,4
30,1
29,4
29,1
28,7
28,4
28,2
27,25
27,22
27,20
27,17
27,14
27,11
27,9
27,6
27,3
27,1
26,23
26,20
26,17
26,15
26,12
26,9
26,7
26,4
26,1
25,22
25,20
25,17
25,14
25,12
25,9
25,6
25,4
25,1
24,8
24,5
24,3
24,0
4,1
3,6
3,3
3,0
2,133
2,131
2,128
2,123
2,121
2,118
2,114
2,111
2,109
2,106
2,103
2,101
2,98
2,95
2,93
2,90
2,86
2,83
2,81
2,78
2,75
2,73
2,69
2,66
2,35
2,33
2,30
2,27
2,25
2,22
2,19
2,16
2,14
2,10
2,6
2,4
1,6
0,506
0,327
0,278
0,432
0,277
0,389
0,276
0,312
0,275
0,321
0,274
0,478
0,273
0,477
0,272
0,349
0,271
0,473
0,270
0,469
0,269
0,390
0,268
0,344
0,267
0,371
0,266
0,427
0,265
0,452
0,264
0,502
0,263
0,406
0,262
0,492
0,261
0,323
0,260
0,387
0,259
0,324
0,258
0,309
0,257
0,498
0,256
0,499
0,255
0,301
0,254
0,405
0,253
0,426
0,252
0,511
0,251
0,489
0,250
0,472
0,249
0,362
0,248
0,363
0,247
0,386
0,246
0,348
0,245
0,384
0,244
0,496
0,242
0,241
0,240
0,306
0,239
0,401
0,238
0,360
0,237
0,404
0,236
0,438
0,235
0,394
0,234
0,508
0,233
0,232
0,495
0,231
0,510
0,230
0,494
0,229
0,398
0,228
0,421
0,227
0,368
0,226
0,339
0,225
0,385
0,224
0,223
0,333
0,222
0,507
0,221
0,367
0,220
0,470
0,219
0,218
0,468
0,217
0,216
0,354
0,215
0,396
0,214
0,213
0,383
0,212
0,211
0,488
0,210
0,399
0,209
0,330
0,208
0,338
0,207
0,415
0,206
0,353
0,205
0,467
0,204
0,397
0,203
0,202
0,487
0,201
0,493
0,200
0,388
0,199
0,336
0,198
0,197
0,351
0,196
0,382
0,195
0,418
0,194
0,395
0,193
0,320
0,192
0,490
0,63
0,381
0,62
0,393
0,61
0,417
0,60
0,416
0,59
0,471
0,58
0,318
0,57
0,56
0,377
0,55
0,431
0,54
0,509
0,53
0,414
0,52
0,346
0,51
0,465
0,50
0,483
0,49
0,476
0,48
0,413
0,47
0,46
0,429
0,45
0,434
0,6
0,5
0,1
0,436
0,11
0,4
0,2
0,3
0,7
